donor,recipient,W
211,40,0.204780805801575
211,32,0.204780805801575
40,211,0.204780805801575
40,32,0.444935277433881
32,211,0.204780805801575
32,40,0.444935277433881
611,440,0.378839362200697
440,611,0.378839362200697
964,1203,0.417446369712711
1203,964,0.417446369712711
352,866,0.441844446254413
352,530,0.169969759093399
866,352,0.441844446254413
866,530,0.186810475909946
530,352,0.169969759093399
530,866,0.186810475909946
1591,1444,0.441041448898564
1444,1591,0.441041448898564
452,2224,0.395453129258962
2224,452,0.395453129258962
2034,65,0.353298130549758
65,2034,0.353298130549758
2325,381,0.375215278884618
2325,1735,0.209500901405947
381,2325,0.375215278884618
381,1735,0.163042922694935
1735,2325,0.209500901405947
1735,381,0.163042922694935
2129,2643,0.44727872308053
2643,2129,0.44727872308053
973,1307,0.332081948991658
1307,973,0.332081948991658
1294,1189,0.332500400697493
1189,1294,0.332500400697493
1657,1061,0.34015881615377
1061,1657,0.34015881615377
2565,278,0.165925486207655
2565,735,0.180528032583292
278,2565,0.165925486207655
278,735,0.285796092318671
735,2565,0.180528032583292
735,278,0.285796092318671
1278,1486,0.382219029670304
1278,2063,0.175250692597227
1486,1278,0.382219029670304
1486,2063,0.180148432380439
2063,1278,0.175250692597227
2063,1486,0.180148432380439
2361,2927,0.423827862178132
2927,2361,0.423827862178132
2958,2267,0.414567594259421
2267,2958,0.414567594259421
263,1528,0.266782336772769
1528,263,0.266782336772769
580,49,0.0733603958112442
580,492,0.078387076848976
580,756,0.165838858800265
580,2070,0.14817011020263
49,580,0.0733603958112442
49,492,0.365341697080819
49,756,0.184177931408136
49,2070,0.0340078566842352
492,580,0.078387076848976
492,49,0.365341697080819
492,756,0.196797870343035
492,2070,0.0363380874093854
756,580,0.165838858800265
756,49,0.184177931408136
756,492,0.196797870343035
756,2070,0.0768783221572
2070,580,0.14817011020263
2070,49,0.0340078566842352
2070,492,0.0363380874093854
2070,756,0.0768783221572
2394,2275,0.395410157912633
2394,3534,0.214219379039185
2275,2394,0.395410157912633
2275,3534,0.212501844099057
3534,2394,0.214219379039185
3534,2275,0.212501844099057
1623,1251,0.291880264734004
1251,1623,0.291880264734004
1131,1853,0.287002430954204
1853,1131,0.287002430954204
2516,892,0.0765010109014728
2516,322,0.069604546158284
2516,382,0.140495718849705
892,2516,0.0765010109014728
892,322,0.359742890056006
892,382,0.152926487544735
322,2516,0.069604546158284
322,892,0.359742890056006
322,382,0.139140367371627
382,2516,0.140495718849705
382,892,0.152926487544735
382,322,0.139140367371627
181,149,0.105413293466982
181,1552,0.128173114292746
181,1199,0.115469986316546
149,181,0.105413293466982
149,1552,0.404978359704279
149,1199,0.0577349931582732
1552,181,0.128173114292746
1552,149,0.404978359704279
1552,1199,0.0702005755951845
1199,181,0.115469986316546
1199,149,0.0577349931582732
1199,1552,0.0702005755951845
2364,1873,0.0787901449805441
2364,625,0.0665300237113695
2364,2269,0.041248548408397
2364,2080,0.040094717868873
2364,1667,0.0766368540718105
1873,2364,0.0787901449805441
1873,625,0.34361608385645
1873,2269,0.0515882683047149
1873,2080,0.0501452085669079
1873,1667,0.0958473144495191
625,2364,0.0665300237113695
625,1873,0.34361608385645
625,2269,0.0435608884129949
625,2080,0.0423423756332948
625,1667,0.0809330164904788
2269,2364,0.041248548408397
2269,1873,0.0515882683047149
2269,625,0.0435608884129949
2269,2080,0.440181998821815
2269,1667,0.203719819026367
2080,2364,0.040094717868873
2080,1873,0.0501452085669079
2080,625,0.0423423756332948
2080,2269,0.440181998821815
2080,1667,0.198021239130376
1667,2364,0.0766368540718105
1667,1873,0.0958473144495191
1667,625,0.0809330164904788
1667,2269,0.203719819026367
1667,2080,0.198021239130376
3634,4213,0.454389655942751
4213,3634,0.454389655942751
2801,2111,0.322317531417053
2111,2801,0.322317531417053
1198,553,0.407907156403321
1198,29,0.12264980095007
1198,4188,0.0816100222516553
553,1198,0.407907156403321
553,29,0.111816174393297
553,4188,0.0744014291881873
29,1198,0.12264980095007
29,553,0.111816174393297
29,4188,0.136612337669125
4188,1198,0.0816100222516553
4188,553,0.0744014291881873
4188,29,0.136612337669125
826,3909,0.295308433314105
3909,826,0.295308433314105
101,974,0.354125233130368
101,247,0.0840069092437043
974,101,0.354125233130368
974,247,0.0967687201294861
247,101,0.0840069092437043
247,974,0.0967687201294861
1462,490,0.219605277601462
1462,4806,0.170891251738915
490,1462,0.219605277601462
490,4806,0.148519365876577
4806,1462,0.170891251738915
4806,490,0.148519365876577
3817,2256,0.336593260195303
2256,3817,0.336593260195303
2975,4668,0.394513737604947
4668,2975,0.394513737604947
1399,441,0.201659196337302
1399,2708,0.0656806258884738
1399,1412,0.0563003623847217
441,1399,0.201659196337302
441,2708,0.057592820981228
441,1412,0.0493676277919051
2708,1399,0.0656806258884738
2708,441,0.057592820981228
2708,1412,0.341349588608153
1412,1399,0.0563003623847217
1412,441,0.0493676277919051
1412,2708,0.341349588608153
5077,2512,0.0924687527693122
5077,1732,0.0420664086296841
5077,2119,0.0440894363165552
5077,2629,0.188286961064327
2512,5077,0.0924687527693122
2512,1732,0.193764201913095
2512,2119,0.203082571556804
2512,2629,0.184235069208033
1732,5077,0.0420664086296841
1732,2512,0.193764201913095
1732,2119,0.372000647647335
1732,2629,0.0838132609461917
2119,5077,0.0440894363165552
2119,2512,0.203082571556804
2119,1732,0.372000647647335
2119,2629,0.0878439484458955
2629,5077,0.188286961064327
2629,2512,0.184235069208033
2629,1732,0.0838132609461917
2629,2119,0.0878439484458955
3507,4776,0.397705304216518
4776,3507,0.397705304216518
156,2304,0.204133824187982
2304,156,0.204133824187982
4960,2486,0.353634581752849
2486,4960,0.353634581752849
2622,4627,0.311354202015782
4627,2622,0.311354202015782
5428,1268,0.288696882853686
1268,5428,0.288696882853686
3082,5690,0.358171338449962
5690,3082,0.358171338449962
2652,2236,0.455909062970212
2652,2377,0.13568182936439
2652,3439,0.0683366722976538
2236,2652,0.455909062970212
2236,2377,0.128283713971698
2236,3439,0.0646105831847713
2377,2652,0.13568182936439
2377,2236,0.128283713971698
2377,3439,0.131619608326062
3439,2652,0.0683366722976538
3439,2236,0.0646105831847713
3439,2377,0.131619608326062
5822,5406,0.455856377807374
5406,5822,0.455856377807374
5349,5552,0.411313518927559
5552,5349,0.411313518927559
407,4215,0.255496281232941
407,5581,0.118782419962802
4215,407,0.255496281232941
4215,5581,0.188022890902479
5581,407,0.118782419962802
5581,4215,0.188022890902479
3704,4061,0.430128316009462
3704,2894,0.183881444984462
3704,2900,0.0768784702964691
3704,4844,0.0427677998437487
3704,2492,0.00794949158556626
3704,1886,0.00737271181495837
4061,3704,0.430128316009462
4061,2894,0.190548887102002
4061,2900,0.0796660422063484
4061,4844,0.0443185372222635
4061,2492,0.0082377358671745
4061,1886,0.00764004237286044
2894,3704,0.183881444984462
2894,4061,0.190548887102002
2894,2900,0.140307484859429
2894,4844,0.0780536137868947
2894,2492,0.0145082643551666
2894,1886,0.013455609188906
2900,3704,0.0768784702964691
2900,4061,0.0796660422063484
2900,2894,0.140307484859429
2900,4844,0.156107227573789
2900,2492,0.0290165287103332
2900,1886,0.0269112183778119
4844,3704,0.0427677998437487
4844,4061,0.0443185372222635
4844,2894,0.0780536137868947
4844,2900,0.156107227573789
4844,2492,0.0713587059596556
4844,1886,0.0661812354747486
2492,3704,0.00794949158556626
2492,4061,0.0082377358671745
2492,2894,0.0145082643551666
2492,2900,0.0290165287103332
2492,4844,0.0713587059596556
2492,1886,0.270464216270517
1886,3704,0.00737271181495837
1886,4061,0.00764004237286044
1886,2894,0.013455609188906
1886,2900,0.0269112183778119
1886,4844,0.0661812354747486
1886,2492,0.270464216270517
4546,3253,0.293974632671976
3253,4546,0.293974632671976
2233,2931,0.355344329686154
2233,6701,0.156816959061946
2931,2233,0.355344329686154
2931,6701,0.170617894466906
6701,2233,0.156816959061946
6701,2931,0.170617894466906
2434,1930,0.0406509583458243
2434,1266,0.0377015055188954
2434,3176,0.0942113871499717
2434,2670,0.0891995469605839
2434,1439,0.0384012737937139
2434,2777,0.0454420769056045
2434,5234,0.179880494921756
2434,4915,0.0704566670575625
1930,2434,0.0406509583458243
1930,1266,0.318919548008564
1930,3176,0.198809568590608
1930,2670,0.0465578202231459
1930,1439,0.0200435950915488
1930,2777,0.0237185514862805
1930,5234,0.0210702378278171
1930,4915,0.00825291664948949
1266,2434,0.0377015055188954
1266,1930,0.318919548008564
1266,3176,0.184384830086004
1266,2670,0.0431797917568893
1266,1439,0.0185893209339345
1266,2777,0.0219976388293946
1266,5234,0.0195414750371189
1266,4915,0.00765412170509563
3176,2434,0.0942113871499717
3176,1930,0.198809568590608
3176,1266,0.184384830086004
3176,2670,0.107900945128693
3176,1439,0.04645240786165
3176,2777,0.0549693716369677
3176,5234,0.0488317228944828
3176,4915,0.0191267009984617
2670,2434,0.0891995469605839
2670,1930,0.0465578202231459
2670,1266,0.0431797917568893
2670,3176,0.107900945128693
2670,1439,0.177436398276826
2670,2777,0.209969036435163
2670,5234,0.0462339818068792
2670,4915,0.0181092022474679
1439,2434,0.0384012737937139
1439,1930,0.0200435950915488
1439,1266,0.0185893209339345
1439,3176,0.04645240786165
1439,2670,0.177436398276826
1439,2777,0.417016677972935
1439,5234,0.0199041794990741
1439,4915,0.00779618795595506
2777,2434,0.0454420769056045
2777,1930,0.0237185514862805
2777,1266,0.0219976388293946
2777,3176,0.0549693716369677
2777,2670,0.209969036435163
2777,1439,0.417016677972935
2777,5234,0.023553574300651
2777,4915,0.00922560471738961
5234,2434,0.179880494921756
5234,1930,0.0210702378278171
5234,1266,0.0195414750371189
5234,3176,0.0488317228944828
5234,2670,0.0462339818068792
5234,1439,0.0199041794990741
5234,2777,0.023553574300651
5234,4915,0.188791222734169
4915,2434,0.0704566670575625
4915,1930,0.00825291664948949
4915,1266,0.00765412170509563
4915,3176,0.0191267009984617
4915,2670,0.0181092022474679
4915,1439,0.00779618795595506
4915,2777,0.00922560471738961
4915,5234,0.188791222734169
779,52,0.171883557638072
779,391,0.182002862249391
779,657,0.0367290785382913
779,938,0.0192454426723767
779,2602,0.0234284548671642
52,779,0.171883557638072
52,391,0.467936390046596
52,657,0.016247457072751
52,938,0.00851340453149515
52,2602,0.0103637997435272
391,779,0.182002862249391
391,52,0.467936390046596
391,657,0.0172039939837724
391,938,0.00901461439075919
391,2602,0.0109739479623364
657,779,0.0367290785382913
657,52,0.016247457072751
657,391,0.0172039939837724
657,938,0.136979711240897
657,2602,0.166752359878466
938,779,0.0192454426723767
938,52,0.00851340453149515
938,391,0.00901461439075919
938,657,0.136979711240897
938,2602,0.397225359757535
2602,779,0.0234284548671642
2602,52,0.0103637997435272
2602,391,0.0109739479623364
2602,657,0.166752359878466
2602,938,0.397225359757535
2569,4258,0.258303117565963
4258,2569,0.258303117565963
6551,5310,0.421652657458446
5310,6551,0.421652657458446
3697,4594,0.297345955907815
4594,3697,0.297345955907815
271,2604,0.347869417353666
271,5694,0.112581236662658
2604,271,0.347869417353666
2604,5694,0.153859856065052
5694,271,0.112581236662658
5694,2604,0.153859856065052
457,291,0.124568452384655
457,2628,0.170242259920978
457,3660,0.157962630247897
457,2118,0.0402403359827349
291,457,0.124568452384655
291,2628,0.355240374785775
291,3660,0.0767460269687221
291,2118,0.0195507374479321
2628,457,0.170242259920978
2628,291,0.355240374785775
2628,3660,0.104885441064699
2628,2118,0.0267191384539321
3660,457,0.157962630247897
3660,291,0.0767460269687221
3660,2628,0.104885441064699
3660,2118,0.119574385658412
2118,457,0.0402403359827349
2118,291,0.0195507374479321
2118,2628,0.0267191384539321
2118,3660,0.119574385658412
6331,3808,0.175073911179674
6331,4150,0.0899833552219286
6331,4981,0.0980623261755262
3808,6331,0.175073911179674
3808,4150,0.193673754617894
3808,4981,0.211062355367145
4150,6331,0.0899833552219286
4150,3808,0.193673754617894
4150,4981,0.437802794184742
4981,6331,0.0980623261755262
4981,3808,0.211062355367145
4981,4150,0.437802794184742
5221,5847,0.215634348762749
5221,2023,0.143509404940669
5221,6665,0.20723801469882
5847,5221,0.215634348762749
5847,2023,0.330712659729488
5847,6665,0.109131434255698
2023,5221,0.143509404940669
2023,5847,0.330712659729488
2023,6665,0.0726293713418929
6665,5221,0.20723801469882
6665,5847,0.109131434255698
6665,2023,0.0726293713418929
6618,6222,0.445150104411254
6222,6618,0.445150104411254
378,5075,0.208951365545196
5075,378,0.208951365545196
563,6173,0.233416075206734
6173,563,0.233416075206734
1699,2822,0.345118230914777
1699,3782,0.101969401620352
2822,1699,0.345118230914777
2822,3782,0.117459963424503
3782,1699,0.101969401620352
3782,2822,0.117459963424503
5800,5509,0.345771707240597
5509,5800,0.345771707240597
7080,3896,0.32978013066706
3896,7080,0.32978013066706
1845,7065,0.257925607121609
7065,1845,0.257925607121609
6336,5438,0.345864191308552
5438,6336,0.345864191308552
2971,7415,0.297181833522912
7415,2971,0.297181833522912
7049,7290,0.421597285311473
7290,7049,0.421597285311473
3877,3367,0.00345318672547944
3877,2337,0.00305509995454576
3877,3582,0.00710124572981975
3877,3042,0.0133108799283708
3877,4166,0.0300111843982668
3877,3643,0.056809965838558
3877,5991,0.141970165852921
3367,3877,0.00345318672547944
3367,2337,0.4101468632285
3367,3582,0.22506598924492
3367,3042,0.102291232898903
3367,4166,0.0542617013399613
3367,3643,0.023369734081299
3367,5991,0.00998971086834169
2337,3877,0.00305509995454576
2337,3367,0.4101468632285
2337,3582,0.199120160065044
2337,3042,0.0904989986999554
2337,4166,0.0480063589015087
2337,3643,0.0206756480912889
2337,5991,0.00883808714848997
3582,3877,0.00710124572981975
3582,3367,0.22506598924492
3582,2337,0.199120160065044
3582,3042,0.210355025247144
3582,4166,0.111585531153012
3582,3643,0.0480582828398329
3582,5991,0.0205431670180234
3042,3877,0.0133108799283708
3042,3367,0.102291232898903
3042,2337,0.0904989986999554
3042,3582,0.210355025247144
3042,4166,0.209160711152989
3042,3643,0.0900825090108429
3042,5991,0.0385069943963644
4166,3877,0.0300111843982668
4166,3367,0.0542617013399613
4166,2337,0.0480063589015087
4166,3582,0.111585531153012
4166,3042,0.209160711152989
4166,3643,0.203103236114447
4166,5991,0.086819242279332
3643,3877,0.056809965838558
3643,3367,0.023369734081299
3643,2337,0.0206756480912889
3643,3582,0.0480582828398329
3643,3042,0.0900825090108429
3643,4166,0.203103236114447
3643,5991,0.164345336144187
5991,3877,0.141970165852921
5991,3367,0.00998971086834169
5991,2337,0.00883808714848997
5991,3582,0.0205431670180234
5991,3042,0.0385069943963644
5991,4166,0.086819242279332
5991,3643,0.164345336144187
4813,4962,0.381983209270428
4813,3640,0.162240745890369
4813,4973,0.0781361766051292
4813,6091,0.019299170191232
4813,2636,0.0136409234533915
4962,4813,0.381983209270428
4962,3640,0.165236225862102
4962,4973,0.079578818839076
4962,6091,0.019655494229695
4962,2636,0.0138927782681382
3640,4813,0.162240745890369
3640,4962,0.165236225862102
3640,4973,0.138601636736269
3640,6091,0.0342337786717476
3640,2636,0.0241969136369301
4973,4813,0.0781361766051292
4973,4962,0.079578818839076
4973,3640,0.138601636736269
4973,6091,0.07862197691878
4973,2636,0.0555711130725528
6091,4813,0.019299170191232
6091,4962,0.019655494229695
6091,3640,0.0342337786717476
6091,4973,0.07862197691878
6091,2636,0.308210866133609
2636,4813,0.0136409234533915
2636,4962,0.0138927782681382
2636,3640,0.0241969136369301
2636,4973,0.0555711130725528
2636,6091,0.308210866133609
8004,309,0.0550823511264581
8004,3480,0.0820863368715118
8004,3842,0.171394230985714
309,8004,0.0550823511264581
309,3480,0.303485011937189
309,3842,0.129848295646233
3480,8004,0.0820863368715118
3480,309,0.303485011937189
3480,3842,0.193506099878307
3842,8004,0.171394230985714
3842,309,0.129848295646233
3842,3480,0.193506099878307
6913,7276,0.397408819003454
7276,6913,0.397408819003454
4661,4369,0.129139684992907
4661,1675,0.0953946388623258
4369,4661,0.129139684992907
4369,1675,0.330468843568454
1675,4661,0.0953946388623258
1675,4369,0.330468843568454
3170,2849,0.119607213260307
3170,3870,0.133838848143698
3170,6862,0.133386630383418
2849,3170,0.119607213260307
2849,3870,0.26094092595655
2849,6862,0.0648801076118673
3870,3170,0.133838848143698
3870,2849,0.26094092595655
3870,6862,0.0725999597642427
6862,3170,0.133386630383418
6862,2849,0.0648801076118673
6862,3870,0.0725999597642427
5239,5407,0.283839311000699
5407,5239,0.283839311000699
7568,3317,0.143387894518942
7568,2242,0.125731343576521
3317,7568,0.143387894518942
3317,2242,0.310491210961277
2242,7568,0.125731343576521
2242,3317,0.310491210961277
4619,7395,0.309848399275645
7395,4619,0.309848399275645
2682,116,0.33824917688545
2682,3868,0.02545850627274
2682,3815,0.02545850627274
2682,7671,0.0697728139913771
116,2682,0.33824917688545
116,3868,0.0179944283543294
116,3815,0.0179944283543294
116,7671,0.0493164009308808
3868,2682,0.02545850627274
3868,116,0.0179944283543294
3868,3815,0.290170001822276
3868,7671,0.178755184565184
3815,2682,0.02545850627274
3815,116,0.0179944283543294
3815,3868,0.290170001822276
3815,7671,0.178755184565184
7671,2682,0.0697728139913771
7671,116,0.0493164009308808
7671,3868,0.178755184565184
7671,3815,0.178755184565184
7912,5367,0.346093860042467
5367,7912,0.346093860042467
6056,5006,0.410774392086621
6056,6793,0.0875580768299853
6056,2951,0.0310692417675952
6056,411,0.0223544763666172
5006,6056,0.410774392086621
5006,6793,0.0799787452743703
5006,2951,0.0283797801774849
5006,411,0.0204193951694394
6793,6056,0.0875580768299853
6793,5006,0.0799787452743703
6793,2951,0.15980906031657
6793,411,0.114983426011512
2951,6056,0.0310692417675952
2951,5006,0.0283797801774849
2951,6793,0.15980906031657
2951,411,0.298460210592054
411,6056,0.0223544763666172
411,5006,0.0204193951694394
411,6793,0.114983426011512
411,2951,0.298460210592054
8508,8301,0.471638998489042
8301,8508,0.471638998489042
2844,5072,0.12846577977212
2844,6167,0.141519080776388
2844,6655,0.119297715895331
5072,2844,0.12846577977212
5072,6167,0.441691811455507
5072,6655,0.0752559330346056
6167,2844,0.141519080776388
6167,5072,0.441691811455507
6167,6655,0.0829026257803332
6655,2844,0.119297715895331
6655,5072,0.0752559330346056
6655,6167,0.0829026257803332
4534,502,0.1559277705846
502,4534,0.1559277705846
1542,7127,0.258596032811147
1542,3917,0.0927936773785483
1542,7196,0.0279796407767265
1542,6916,0.0275138421167274
1542,8430,0.0299982685513755
7127,1542,0.258596032811147
7127,3917,0.16364313596669
7127,7196,0.049342544549091
7127,6916,0.0485211011533263
7127,8430,0.0529024269540682
3917,1542,0.0927936773785483
3917,7127,0.16364313596669
3917,7196,0.07448216970835
3917,6916,0.0732422075830024
3917,8430,0.0798557832471793
7196,1542,0.0279796407767265
7196,7127,0.049342544549091
7196,3917,0.07448216970835
7196,6916,0.479265628050685
7196,8430,0.105804853908136
6916,1542,0.0275138421167274
6916,7127,0.0485211011533263
6916,3917,0.0732422075830024
6916,7196,0.479265628050685
6916,8430,0.104043438900521
8430,1542,0.0299982685513755
8430,7127,0.0529024269540682
8430,3917,0.0798557832471793
8430,7196,0.105804853908136
8430,6916,0.104043438900521
7411,3345,0.259711926497362
3345,7411,0.259711926497362
8414,6792,0.391016725612869
6792,8414,0.391016725612869
3664,6889,0.25604644369317
6889,3664,0.25604644369317
3934,7480,0.273989780146141
7480,3934,0.273989780146141
6321,3404,0.234786103028573
3404,6321,0.234786103028573
5181,7145,0.291789113693213
7145,5181,0.291789113693213
4437,1801,0.365149325122181
4437,379,0.0358833329142629
4437,7062,0.0719704734991362
1801,4437,0.365149325122181
1801,379,0.0271202425332894
1801,7062,0.0543945207429835
379,4437,0.0358833329142629
379,1801,0.0271202425332894
379,7062,0.221779865916321
7062,4437,0.0719704734991362
7062,1801,0.0543945207429835
7062,379,0.221779865916321
7445,3777,0.0656731552266928
7445,2200,0.0272432181012073
7445,4433,0.0349683744778287
7445,5620,0.156936982468416
3777,7445,0.0656731552266928
3777,2200,0.142295675406426
3777,4433,0.182645399882731
3777,5620,0.193001601888664
2200,7445,0.0272432181012073
2200,3777,0.142295675406426
2200,4433,0.314647566501226
2200,5620,0.0800629224526454
4433,7445,0.0349683744778287
4433,3777,0.182645399882731
4433,2200,0.314647566501226
4433,5620,0.102765768849804
5620,7445,0.156936982468416
5620,3777,0.193001601888664
5620,2200,0.0800629224526454
5620,4433,0.102765768849804
5436,8921,0.347187267141692
8921,5436,0.347187267141692
5205,417,0.0703921820647321
5205,472,0.0355213874898846
5205,579,0.036221204754891
5205,458,0.142085549959539
5205,5732,0.042280438363202
5205,5878,0.0426123155824755
5205,6166,0.0873231030806862
5205,7043,0.0740981244281068
417,5205,0.0703921820647321
417,472,0.191423714344609
417,579,0.195195009040464
417,458,0.187632063422621
417,5732,0.00609524232326608
417,5878,0.00614308648362381
417,6166,0.0125886933603688
417,7043,0.01068215093252
472,5205,0.0355213874898846
472,417,0.191423714344609
472,579,0.423201203082608
472,458,0.0946831172847079
472,5732,0.00307578850461514
472,5878,0.00309993168229973
472,6166,0.0063525215688553
472,7043,0.00539043983819881
579,5205,0.036221204754891
579,417,0.195195009040464
579,472,0.423201203082608
579,458,0.0965484971266223
579,5732,0.00313638551534989
579,5878,0.00316100434485356
579,6166,0.00647767445798375
579,7043,0.00549663847319931
458,5205,0.142085549959539
458,417,0.187632063422621
458,472,0.0946831172847079
458,579,0.0965484971266223
458,5732,0.0123031540184606
458,5878,0.0123997267291989
458,6166,0.0254100862754212
458,7043,0.0215617593527953
5732,5205,0.042280438363202
5732,417,0.00609524232326608
5732,472,0.00307578850461514
5732,579,0.00313638551534989
5732,458,0.0123031540184606
5732,5878,0.489379644504973
5732,6166,0.183727846171318
5732,7043,0.0386128862225194
5878,5205,0.0426123155824755
5878,417,0.00614308648362381
5878,472,0.00309993168229973
5878,579,0.00316100434485356
5878,458,0.0123997267291989
5878,5732,0.489379644504973
5878,6166,0.185170004508625
5878,7043,0.0389159752585784
6166,5205,0.0873231030806862
6166,417,0.0125886933603688
6166,472,0.0063525215688553
6166,579,0.00647767445798375
6166,458,0.0254100862754212
6166,5732,0.183727846171318
6166,5878,0.185170004508625
6166,7043,0.0797483936871017
7043,5205,0.0740981244281068
7043,417,0.01068215093252
7043,472,0.00539043983819881
7043,579,0.00549663847319931
7043,458,0.0215617593527953
7043,5732,0.0386128862225194
7043,5878,0.0389159752585784
7043,6166,0.0797483936871017
2449,135,0.0132094847396585
2449,4235,0.0217936861751576
2449,4868,0.0231120909054694
2449,5433,0.0242500682255068
2449,6048,0.0254759907758356
2449,5601,0.0246540981324052
2449,4630,0.0450939337486709
135,2449,0.0132094847396585
135,4235,0.175741182424361
135,4868,0.0463336211495335
135,5433,0.04861496428889
135,6048,0.0105778441130331
135,5601,0.0102365874240842
135,4630,0.0187233778593343
4235,2449,0.0217936861751576
4235,135,0.175741182424361
4235,4868,0.0764435872097223
4235,5433,0.0802074642584397
4235,6048,0.0174518703456364
4235,5601,0.0168888475381079
4235,4630,0.0308907901592969
4868,2449,0.0231120909054694
4868,135,0.0463336211495335
4868,4235,0.0764435872097223
4868,5433,0.351863050084199
4868,6048,0.0185076177869619
4868,5601,0.0179105350261629
4868,4630,0.0327595223940259
5433,2449,0.0242500682255068
5433,135,0.04861496428889
5433,4235,0.0802074642584397
5433,4868,0.351863050084199
5433,6048,0.0194188832097065
5433,5601,0.018792401696421
5433,4630,0.0343725133454779
6048,2449,0.0254759907758356
6048,135,0.0105778441130331
6048,4235,0.0174518703456364
6048,4868,0.0185076177869619
6048,5433,0.0194188832097065
6048,5601,0.414013626657798
6048,4630,0.178963446893503
5601,2449,0.0246540981324052
5601,135,0.0102365874240842
5601,4235,0.0168888475381079
5601,4868,0.0179105350261629
5601,5433,0.018792401696421
5601,6048,0.414013626657798
5601,4630,0.173189824908044
4630,2449,0.0450939337486709
4630,135,0.0187233778593343
4630,4235,0.0308907901592969
4630,4868,0.0327595223940259
4630,5433,0.0343725133454779
4630,6048,0.178963446893503
4630,5601,0.173189824908044
984,7271,0.261245883733894
984,5124,0.0387134180887923
984,5121,0.0387134180887923
7271,984,0.261245883733894
7271,5124,0.0722544767954811
7271,5121,0.0722544767954811
5124,984,0.0387134180887923
5124,7271,0.0722544767954811
5124,5121,0.280325359895628
5121,984,0.0387134180887923
5121,7271,0.0722544767954811
5121,5124,0.280325359895628
2366,3036,0.298439164885452
2366,8557,0.11715565186782
3036,2366,0.298439164885452
3036,8557,0.127609966788666
8557,2366,0.11715565186782
8557,3036,0.127609966788666
6506,6449,0.414935114856423
6506,7746,0.204693087761133
6506,6959,0.0733802079516782
6449,6506,0.414935114856423
6449,7746,0.202818556921193
6449,6959,0.0727082093788337
7746,6506,0.204693087761133
7746,6449,0.202818556921193
7746,6959,0.164364523057118
6959,6506,0.0733802079516782
6959,6449,0.0727082093788337
6959,7746,0.164364523057118
5175,3377,0.190587460950687
3377,5175,0.190587460950687
5299,433,0.0353101460702701
5299,232,0.0171554083287022
5299,431,0.017655073035135
5299,4375,0.11321549407599
5299,3124,0.199302494348549
5299,7460,0.15084560923765
433,5299,0.0353101460702701
433,232,0.0970257546631977
433,431,0.0998517057738514
433,4375,0.146569505339057
433,3124,0.0613861776619165
433,7460,0.0108211393137924
232,5299,0.0171554083287022
232,433,0.0970257546631977
232,431,0.358889631083429
232,4375,0.0712106856659113
232,3124,0.0298244289738329
232,7460,0.00525744252488902
431,5299,0.017655073035135
431,433,0.0998517057738514
431,232,0.358889631083429
431,4375,0.0732847526695284
431,3124,0.0306930888309583
431,7460,0.00541056965689621
4375,5299,0.11321549407599
4375,433,0.146569505339057
4375,232,0.0712106856659113
4375,431,0.0732847526695284
4375,3124,0.196823497121749
4375,7460,0.0346959945007883
3124,5299,0.199302494348549
3124,433,0.0613861776619165
3124,232,0.0298244289738329
3124,431,0.0306930888309583
3124,4375,0.196823497121749
3124,7460,0.0610781969760195
7460,5299,0.15084560923765
7460,433,0.0108211393137924
7460,232,0.00525744252488902
7460,431,0.00541056965689621
7460,4375,0.0346959945007883
7460,3124,0.0610781969760195
4438,7343,0.319269138134814
4438,8498,0.146776110099959
4438,5208,0.0134645624828243
4438,4047,0.00598155560636409
4438,2850,0.00524499662673042
4438,8618,0.036382598891138
7343,4438,0.319269138134814
7343,8498,0.191270444407697
7343,5208,0.0175462672235359
7343,4047,0.00779482981460297
7343,2850,0.00683498721303063
7343,8618,0.0474117746673876
8498,4438,0.146776110099959
8498,7343,0.191270444407697
8498,5208,0.0391261603614609
8498,4047,0.0173815750912172
8498,2850,0.0152412363472303
8498,8618,0.105722811297971
5208,4438,0.0134645624828243
5208,7343,0.0175462672235359
5208,8498,0.0391261603614609
5208,4047,0.109435846855814
5208,2850,0.095960095563006
5208,8618,0.165116846317127
4047,4438,0.00598155560636409
4047,7343,0.00779482981460297
4047,8498,0.0173815750912172
4047,5208,0.109435846855814
4047,2850,0.33018899674711
4047,8618,0.0733522235908702
2850,4438,0.00524499662673042
2850,7343,0.00683498721303063
2850,8498,0.0152412363472303
2850,5208,0.095960095563006
2850,4047,0.33018899674711
2850,8618,0.0643197506829081
8618,4438,0.036382598891138
8618,7343,0.0474117746673876
8618,8498,0.105722811297971
8618,5208,0.165116846317127
8618,4047,0.0733522235908702
8618,2850,0.0643197506829081
2940,2716,0.0788954050961083
2940,3466,0.0853791853192156
2940,2717,0.157790810192217
2940,5542,0.181440178296948
2940,5808,0.0842016704990996
2940,5596,0.00314303953497269
2940,5127,0.00304161500153269
2940,4109,0.00554250826020348
2940,555,0.00181243036627903
2940,1818,0.00214405187995304
2940,4404,0.00568563569861512
2716,2940,0.0788954050961083
2716,3466,0.458186954857038
2716,2717,0.195245035340321
2716,5542,0.0441737800680509
2716,5808,0.0204999031025108
2716,5596,0.000765210541933247
2716,5127,0.000740517526991702
2716,4109,0.00134938988271322
2716,555,0.000441257835723884
2716,1818,0.000521995056930175
2716,4404,0.0013842359683236
3466,2940,0.0853791853192156
3466,2716,0.458186954857038
3466,2717,0.211290657987893
3466,5542,0.0478040685650327
3466,5808,0.0221846256303913
3466,5596,0.000828097055694804
3466,5127,0.000801374720012313
3466,4109,0.00146028540855708
3466,555,0.000477521276225552
3466,1818,0.000564893641740796
3466,4404,0.00149799521431007
2717,2940,0.157790810192217
2717,2716,0.195245035340321
2717,3466,0.211290657987893
2717,5542,0.0883475601361018
2717,5808,0.0409998062050216
2717,5596,0.00153042108386649
2717,5127,0.0014810350539834
2717,4109,0.00269877976542644
2717,555,0.000882515671447769
2717,1818,0.00104399011386035
2717,4404,0.00276847193664721
5542,2940,0.181440178296948
5542,2716,0.0441737800680509
5542,3466,0.0478040685650327
5542,2717,0.0883475601361018
5542,5808,0.215726482786607
5542,5596,0.0080525345889208
5542,5127,0.00779268276249513
5542,4109,0.014200024841576
5542,555,0.00464348540706445
5542,1818,0.00549310682594151
5542,4404,0.0145667204035023
5808,2940,0.0842016704990996
5808,2716,0.0204999031025108
5808,3466,0.0221846256303913
5808,2717,0.0409998062050216
5808,5542,0.215726482786607
5808,5596,0.016507177138796
5808,5127,0.0159744976350594
5808,4109,0.029109136116932
5808,555,0.00951884593718954
5808,1818,0.011260515110721
5808,4404,0.0298608383952502
5596,2940,0.00314303953497269
5596,2716,0.000765210541933247
5596,3466,0.000828097055694804
5596,2717,0.00153042108386649
5596,5542,0.0080525345889208
5596,5808,0.016507177138796
5596,5127,0.420168883041063
5596,4109,0.15895003527132
5596,555,0.0117186823628872
5596,1818,0.0138628569782264
5596,4404,0.036761775802704
5127,2940,0.00304161500153269
5127,2716,0.000740517526991702
5127,3466,0.000801374720012313
5127,2717,0.0014810350539834
5127,5542,0.00779268276249513
5127,5808,0.0159744976350594
5127,5596,0.420168883041063
5127,4109,0.153820786024443
5127,555,0.0113405255252266
5127,1818,0.0134155085483015
5127,4404,0.0355754891150161
4109,2940,0.00554250826020348
4109,2716,0.00134938988271322
4109,3466,0.00146028540855708
4109,2717,0.00269877976542644
4109,5542,0.014200024841576
4109,5808,0.029109136116932
4109,5596,0.15895003527132
4109,5127,0.153820786024443
4109,555,0.0206649942109517
4109,1818,0.0244460810807163
4109,4404,0.0648265616067111
555,2940,0.00181243036627903
555,2716,0.000441257835723884
555,3466,0.000477521276225552
555,2717,0.000882515671447769
555,5542,0.00464348540706445
555,5808,0.00951884593718954
555,5596,0.0117186823628872
555,5127,0.0113405255252266
555,4109,0.0206649942109517
555,1818,0.359012764504496
555,4404,0.137850383280079
1818,2940,0.00214405187995304
1818,2716,0.000521995056930175
1818,3466,0.000564893641740796
1818,2717,0.00104399011386035
1818,5542,0.00549310682594151
1818,5808,0.011260515110721
1818,5596,0.0138628569782264
1818,5127,0.0134155085483015
1818,4109,0.0244460810807163
1818,555,0.359012764504496
1818,4404,0.163072953820946
4404,2940,0.00568563569861512
4404,2716,0.0013842359683236
4404,3466,0.00149799521431007
4404,2717,0.00276847193664721
4404,5542,0.0145667204035023
4404,5808,0.0298608383952502
4404,5596,0.036761775802704
4404,5127,0.0355754891150161
4404,4109,0.0648265616067111
4404,555,0.137850383280079
4404,1818,0.163072953820946
4744,7362,0.368447059722764
4744,6283,0.152892495385573
4744,6872,0.0626643967055781
4744,6393,0.0292856210483941
7362,4744,0.368447059722764
7362,6283,0.194566290322607
7362,6872,0.0797447851940745
7362,6393,0.0372679812230821
6283,4744,0.152892495385573
6283,7362,0.194566290322607
6283,6872,0.144367969765288
6283,6393,0.0674690235020787
6872,4744,0.0626643967055781
6872,7362,0.0797447851940745
6872,6283,0.144367969765288
6872,6393,0.142434758665256
6393,4744,0.0292856210483941
6393,7362,0.0372679812230821
6393,6283,0.0674690235020787
6393,6872,0.142434758665256
942,5365,0.152240143274005
5365,942,0.152240143274005
8766,9156,0.457486375736007
9156,8766,0.457486375736007
4938,3759,0.188671869802111
3759,4938,0.188671869802111
2756,3371,0.0393584608475308
2756,1110,0.015160395682164
2756,504,0.013793706104042
2756,763,0.0289141263375783
2756,2645,0.0363695401978308
3371,2756,0.0393584608475308
3371,1110,0.171500061369995
3371,504,0.156039558132775
3371,763,0.0471771216747658
3371,2645,0.0593415897522171
1110,2756,0.015160395682164
1110,3371,0.171500061369995
1110,504,0.419720443406332
1110,763,0.018172047796933
1110,2645,0.02285765148534
504,2756,0.013793706104042
504,3371,0.156039558132775
504,1110,0.419720443406332
504,763,0.016533861772117
504,2645,0.0207970644980155
763,2756,0.0289141263375783
763,3371,0.0471771216747658
763,1110,0.018172047796933
763,504,0.016533861772117
763,2645,0.211085210682944
2645,2756,0.0363695401978308
2645,3371,0.0593415897522171
2645,1110,0.02285765148534
2645,504,0.0207970644980155
2645,763,0.211085210682944
5084,2340,0.170874411734431
5084,2399,0.170874411734431
5084,671,0.00229835891450167
5084,842,0.00238702436933823
5084,2153,0.00554047914596524
5084,4057,0.013700494641145
5084,6611,0.0343171394423837
5084,721,0.0371136203814308
5084,1282,0.0188156434188633
5084,739,0.0175948132077371
2340,5084,0.170874411734431
2340,2399,0.414203246850996
2340,671,0.000869732049974134
2340,842,0.000903284332565996
2340,2153,0.00209659694795931
2340,4057,0.0051844641038087
2340,6611,0.0129860988412873
2340,721,0.0140443274253805
2340,1282,0.00712010992670328
2340,739,0.0066581302265382
2399,5084,0.170874411734431
2399,2340,0.414203246850996
2399,671,0.000869732049974134
2399,842,0.000903284332565996
2399,2153,0.00209659694795931
2399,4057,0.0051844641038087
2399,6611,0.0129860988412873
2399,721,0.0140443274253805
2399,1282,0.00712010992670328
2399,739,0.0066581302265382
671,5084,0.00229835891450167
671,2340,0.000869732049974134
671,2399,0.000869732049974134
671,842,0.293122144167028
671,2153,0.141413175783979
671,4057,0.074951724871289
671,6611,0.0293866135674954
671,721,0.00761997436619663
671,1282,0.000718535423158461
671,739,0.000671914123379957
842,5084,0.00238702436933823
842,2340,0.000903284332565996
842,2399,0.000903284332565996
842,671,0.293122144167028
842,2153,0.146868574186577
842,4057,0.0778431917934333
842,6611,0.0305202822219549
842,721,0.00791393563080103
842,1282,0.000746254884078399
842,739,0.00069783504068521
2153,5084,0.00554047914596524
2153,2340,0.00209659694795931
2153,2399,0.00209659694795931
2153,671,0.141413175783979
2153,842,0.146868574186577
2153,4057,0.180680426361319
2153,6611,0.0708400757662121
2153,721,0.0183688930403004
2153,1282,0.00173211873155587
2153,739,0.00161973230768151
4057,5084,0.013700494641145
4057,2340,0.0051844641038087
4057,2399,0.0051844641038087
4057,671,0.074951724871289
4057,842,0.0778431917934333
4057,2153,0.180680426361319
4057,6611,0.175173311340785
4057,721,0.045422591446025
4057,1282,0.00428318251442019
4057,739,0.0040052734099072
6611,5084,0.0343171394423837
6611,2340,0.0129860988412873
6611,2399,0.0129860988412873
6611,671,0.0293866135674954
6611,842,0.0305202822219549
6611,2153,0.0708400757662121
6611,4057,0.175173311340785
6611,721,0.113774972752181
6611,1282,0.0107285594757368
6611,739,0.0100324499014709
721,5084,0.0371136203814308
721,2340,0.0140443274253805
721,2399,0.0140443274253805
721,671,0.00761997436619663
721,842,0.00791393563080103
721,2153,0.0183688930403004
721,4057,0.045422591446025
721,6611,0.113774972752181
721,1282,0.0116028226738015
721,739,0.0108499875918868
1282,5084,0.0188156434188633
1282,2340,0.00712010992670328
1282,2399,0.00712010992670328
1282,671,0.000718535423158461
1282,842,0.000746254884078399
1282,2153,0.00173211873155587
1282,4057,0.00428318251442019
1282,6611,0.0107285594757368
1282,721,0.0116028226738015
1282,739,0.352283690613485
739,5084,0.0175948132077371
739,2340,0.0066581302265382
739,2399,0.0066581302265382
739,671,0.000671914123379957
739,842,0.00069783504068521
739,2153,0.00161973230768151
739,4057,0.0040052734099072
739,6611,0.0100324499014709
739,721,0.0108499875918868
739,1282,0.352283690613485
2142,453,0.179413965984502
2142,102,0.00385272338279715
2142,2173,0.00508461152617798
2142,1737,0.00972157063429536
2142,1078,0.00904503910559342
2142,1459,0.00936913245455645
2142,3905,0.0491858953486682
2142,8625,0.0619700347406964
2142,6710,0.0241256684986381
453,2142,0.179413965984502
453,102,0.00309116198374801
453,2173,0.00407954485443417
453,1737,0.00779992399694091
453,1078,0.00725712132606448
453,1459,0.00751715168380399
453,3905,0.039463401529758
453,8625,0.0497205214309751
453,6710,0.0193567878837316
102,2142,0.00385272338279715
102,453,0.00309116198374801
102,2173,0.341607696401965
102,1737,0.143794280968283
102,1078,0.0180652002688147
102,1459,0.0187124955636673
102,3905,0.0209735581789711
102,8625,0.00586950941701784
102,6710,0.00228506953460868
2173,2142,0.00508461152617798
2173,453,0.00407954485443417
2173,102,0.341607696401965
2173,1737,0.189771749945615
2173,1078,0.0238414535337964
2173,1459,0.0246957181123913
2173,3905,0.0276797436685778
2173,8625,0.00774625434258706
2173,6710,0.00301570856232977
1737,2142,0.00972157063429536
1737,453,0.00779992399694091
1737,102,0.143794280968283
1737,2173,0.189771749945615
1737,1078,0.0455838904033824
1737,1459,0.0472172095661996
1737,3905,0.0529225451792852
1737,8625,0.0148105235483513
1737,6710,0.0057659122334515
1078,2142,0.00904503910559342
1078,453,0.00725712132606448
1078,102,0.0180652002688147
1078,2173,0.0238414535337964
1078,1737,0.0455838904033824
1078,1459,0.245439356877048
1078,3905,0.0492396248220918
1078,8625,0.0137798478978864
1078,6710,0.00536465799538661
1459,2142,0.00936913245455645
1459,453,0.00751715168380399
1459,102,0.0187124955636673
1459,2173,0.0246957181123913
1459,1737,0.0472172095661996
1459,1078,0.245439356877048
1459,3905,0.0510039328282791
1459,8625,0.014273594470045
1459,6710,0.00555687938387027
3905,2142,0.0491858953486682
3905,453,0.039463401529758
3905,102,0.0209735581789711
3905,2173,0.0276797436685778
3905,1737,0.0529225451792852
3905,1078,0.0492396248220918
3905,1459,0.0510039328282791
3905,8625,0.0749332477962284
3905,6710,0.02917240087766
8625,2142,0.0619700347406964
8625,453,0.0497205214309751
8625,102,0.00586950941701784
8625,2173,0.00774625434258706
8625,1737,0.0148105235483513
8625,1078,0.0137798478978864
8625,1459,0.014273594470045
8625,3905,0.0749332477962284
8625,6710,0.174061952494847
6710,2142,0.0241256684986381
6710,453,0.0193567878837316
6710,102,0.00228506953460868
6710,2173,0.00301570856232977
6710,1737,0.0057659122334515
6710,1078,0.00536465799538661
6710,1459,0.00555687938387027
6710,3905,0.02917240087766
6710,8625,0.174061952494847
5452,1573,0.15434555203674
1573,5452,0.15434555203674
202,4761,0.123128441847393
4761,202,0.123128441847393
5179,5204,0.380299287987912
5204,5179,0.380299287987912
180,864,0.416838731837278
180,612,0.179995950738441
180,5,0.035649289799729
180,5955,0.0268811722464869
180,7794,0.0118370343990097
864,180,0.416838731837278
864,612,0.203440004333242
864,5,0.0402925268128546
864,5955,0.0303823823584493
864,7794,0.0133787805756065
612,180,0.179995950738441
612,864,0.203440004333242
612,5,0.0769046548734451
612,5955,0.057989578076403
612,7794,0.0255355169849095
5,180,0.035649289799729
5,864,0.0402925268128546
5,612,0.0769046548734451
5,5955,0.103530709880598
5,7794,0.045589402239357
5955,180,0.0268811722464869
5955,864,0.0303823823584493
5955,612,0.057989578076403
5955,5,0.103530709880598
5955,7794,0.178564700798258
7794,180,0.0118370343990097
7794,864,0.0133787805756065
7794,612,0.0255355169849095
7794,5,0.045589402239357
7794,5955,0.178564700798258
2991,2385,0.421515692470826
2385,2991,0.421515692470826
3354,2344,0.350488144901438
3354,4360,0.195323772384787
3354,4527,0.0943617591256885
2344,3354,0.350488144901438
2344,4360,0.172806655293632
2344,4527,0.0834836424826473
4360,3354,0.195323772384787
4360,2344,0.172806655293632
4360,4527,0.20884148643713
4527,3354,0.0943617591256885
4527,2344,0.0834836424826473
4527,4360,0.20884148643713
4566,1787,0.352268493348507
4566,3496,0.186971789556407
1787,4566,0.352268493348507
1787,3496,0.136809664506581
3496,4566,0.186971789556407
3496,1787,0.136809664506581
